# This is a NO-USE pre-TEA atmosphere file.
# TEA accepts a file in this format to produce 
# abundances as a function of pressure and temperature.

1, 2, 3, 4, 5, 6, 7, 8, 9, 0

# FILLER STUFF HERE

#FINDSPEC
H_g C_g N_g O_g H2_ref CO_g CH4_g H2O_g N2_ref NH3_g

#FINDTEA
    Radius   Pressure    Temp        H_g        C_g        N_g        O_g     H2_ref       CO_g      CH4_g      H2O_g     N2_ref      NH3_g 
299000.000 1.0000e+00  100.00 5.3953e-07 8.4536e-86 3.4403e-43 3.1650e-33 9.9835e-01 4.6177e-37 5.3863e-04 9.8015e-04 5.1981e-32 1.3530e-04 
298000.000 1.0000e+00  110.00 4.3262e-06 1.7388e-70 4.1200e-39 6.7166e-30 9.9834e-01 6.4351e-33 5.3863e-04 9.8014e-04 2.1548e-29 1.3530e-04 
297000.000 1.0000e+00  120.00 2.9030e-05 1.4973e-60 1.8335e-35 4.0190e-27 9.9832e-01 2.4691e-30 5.3863e-04 9.8013e-04 1.7253e-27 1.3530e-04 
296000.000 1.0000e+00  130.00 1.4141e-04 1.1035e-53 1.1412e-32 6.5128e-25 9.9820e-01 1.5779e-28 5.3860e-04 9.8008e-04 3.6335e-26 1.3529e-04 
295000.000 1.0000e+00  140.00 3.8988e-04 7.4299e-50 1.4819e-31 1.9454e-23 9.9796e-01 3.5177e-27 5.3853e-04 9.7996e-04 2.5370e-25 1.3527e-04 
294000.000 1.0000e+00  150.00 7.8738e-04 2.0948e-50 3.2825e-30 1.6254e-22 9.9756e-01 2.3064e-26 5.3842e-04 9.7976e-04 8.0331e-25 1.3524e-04 
293000.000 1.0000e+00  160.00 8.2072e-05 5.7724e-60 4.9223e-33 1.1310e-25 9.9826e-01 1.1087e-26 5.3861e-04 9.8011e-04 1.2860e-24 1.3529e-04 
292000.000 1.0000e+00  170.00 3.4266e-05 2.0973e-61 5.9504e-35 1.5260e-26 9.9831e-01 1.0883e-26 5.3862e-04 9.8013e-04 1.1643e-24 1.3530e-04 
291000.000 1.0000e+00  180.00 3.0856e-05 6.6747e-61 1.3946e-34 1.4124e-26 9.9832e-01 1.7300e-27 5.3862e-04 9.8013e-04 3.7709e-25 1.3530e-04 
290000.000 1.0000e+00  190.00 2.2609e-07 2.3901e-78 1.0542e-41 8.2736e-33 9.9835e-01 3.5987e-35 5.3863e-04 9.8015e-04 2.7207e-30 1.3530e-04 
289000.000 1.0000e+00  200.00 8.3876e-07 3.1034e-70 3.3014e-39 7.1223e-31 9.9835e-01 9.8762e-33 5.3863e-04 9.8015e-04 1.1641e-28 1.3530e-04 
288000.000 1.0000e+00  210.00 2.4664e-06 6.0056e-64 1.8194e-37 3.0626e-29 9.9834e-01 6.9983e-31 5.3863e-04 9.8015e-04 1.3820e-27 1.3530e-04 
287000.000 1.0000e+00  220.00 7.1018e-06 2.6859e-59 1.5673e-35 9.2031e-28 9.9834e-01 1.7990e-29 5.3863e-04 9.8014e-04 1.5738e-26 1.3530e-04 
286000.000 1.0000e+00  230.00 1.7789e-05 8.9273e-56 5.8830e-34 1.6081e-26 9.9833e-01 1.8013e-28 5.3863e-04 9.8014e-04 8.4456e-26 1.3530e-04 
285000.000 1.0000e+00  240.00 4.2521e-05 1.4508e-52 1.6748e-32 2.3667e-25 9.9830e-01 1.6450e-27 5.3862e-04 9.8013e-04 4.3347e-25 1.3530e-04 
284000.000 1.0000e+00  250.00 4.4965e-05 1.8590e-54 3.2031e-32 2.4284e-25 9.9830e-01 7.5922e-27 5.3862e-04 9.8012e-04 1.4385e-24 1.3530e-04 
283000.000 1.0000e+00  260.00 2.1603e-06 2.2342e-63 1.3035e-35 3.7546e-29 9.9834e-01 1.5750e-26 5.3863e-04 9.8015e-04 5.4770e-24 1.3530e-04 
282000.000 1.0000e+00  270.00 1.3103e-06 2.5391e-62 3.8007e-36 1.6847e-29 9.9834e-01 5.8609e-26 5.3863e-04 9.8015e-04 2.2056e-23 1.3530e-04 
281000.000 1.0000e+00  280.00 2.0407e-06 5.2386e-60 4.5801e-35 9.3686e-29 9.9834e-01 1.6766e-25 5.3863e-04 9.8015e-04 5.8243e-23 1.3530e-04 
280000.000 1.0000e+00  290.00 2.1298e-06 1.3200e-59 1.0630e-34 1.7849e-28 9.9834e-01 3.5870e-25 5.3863e-04 9.8015e-04 8.6854e-23 1.3530e-04 
279000.000 1.0000e+00  300.00 4.3652e-06 2.8017e-56 1.4969e-33 1.7545e-27 9.9834e-01 8.1546e-25 5.3863e-04 9.8014e-04 1.7641e-22 1.3530e-04 
278000.000 1.0000e+00  310.00 6.7002e-06 2.8296e-55 7.9376e-33 7.1447e-27 9.9834e-01 1.1410e-24 5.3863e-04 9.8014e-04 2.6811e-22 1.3530e-04 
277000.000 1.0000e+00  320.00 6.3823e-06 4.3779e-54 8.2546e-34 1.1795e-26 9.9834e-01 2.0225e-24 5.3863e-04 9.8014e-04 2.3371e-22 1.3530e-04 
276000.000 1.0000e+00  330.00 8.6367e-06 2.7510e-53 6.8057e-33 3.2847e-26 9.9834e-01 1.4589e-24 5.3863e-04 9.8014e-04 2.9626e-22 1.3530e-04 
275000.000 1.0000e+00  340.00 4.3298e-06 1.8959e-56 1.6418e-33 6.2715e-27 9.9834e-01 1.1027e-25 5.3863e-04 9.8014e-04 5.9338e-23 1.3530e-04 
274000.000 1.0000e+00  350.00 2.1922e-10 1.6722e-75 2.2719e-43 1.3307e-38 9.9835e-01 7.8286e-29 5.3863e-04 9.8015e-04 5.7805e-24 1.3530e-04 
273000.000 1.0000e+00  360.00 1.3150e-11 1.4608e-76 1.9652e-45 6.4496e-41 9.9835e-01 4.7727e-29 5.3863e-04 9.8015e-04 3.8797e-24 1.3530e-04 
272000.000 1.0000e+00  370.00 4.8381e-11 4.3091e-73 1.1475e-43 3.5191e-39 9.9835e-01 5.1657e-28 5.3863e-04 9.8015e-04 1.7860e-23 1.3530e-04 
271000.000 1.0000e+00  380.00 1.2636e-10 2.1905e-70 3.4802e-42 8.8187e-38 9.9835e-01 3.3775e-27 5.3863e-04 9.8015e-04 8.3294e-23 1.3530e-04 
270000.000 1.0000e+00  390.00 1.4559e-10 9.2676e-69 1.1629e-41 3.1186e-37 9.9835e-01 2.4265e-26 5.3863e-04 9.8015e-04 2.7436e-22 1.3530e-04 
269000.000 1.0000e+00  400.00 2.2022e-10 5.8310e-67 9.2179e-41 1.7112e-36 9.9835e-01 1.2143e-25 5.3863e-04 9.8015e-04 1.0701e-21 1.3530e-04 
268000.000 1.0000e+00  410.00 5.2608e-10 1.2057e-64 1.5592e-39 2.4087e-35 9.9835e-01 5.3150e-25 5.3863e-04 9.8015e-04 3.0553e-21 1.3530e-04 
267000.000 1.0000e+00  420.00 1.4587e-09 6.1640e-62 3.1224e-38 4.4478e-34 9.9835e-01 1.9861e-24 5.3863e-04 9.8015e-04 7.1743e-21 1.3530e-04 
266000.000 1.0000e+00  430.00 2.3638e-09 1.6714e-60 2.3806e-37 2.7130e-33 9.9835e-01 5.6781e-24 5.3863e-04 9.8015e-04 2.1868e-20 1.3530e-04 
265000.000 1.0000e+00  440.00 4.9721e-09 1.1731e-58 2.3897e-36 2.3842e-32 9.9835e-01 1.7745e-23 5.3863e-04 9.8015e-04 4.7612e-20 1.3530e-04 
264000.000 1.0000e+00  450.00 9.4000e-09 6.1572e-57 1.7454e-35 1.5903e-31 9.9835e-01 4.5764e-23 5.3863e-04 9.8015e-04 9.4215e-20 1.3530e-04 
263000.000 1.0000e+00  460.00 2.1994e-08 7.7096e-55 1.1429e-34 1.1441e-30 9.9835e-01 1.0264e-22 5.3863e-04 9.8015e-04 8.3891e-20 1.3530e-04 
262000.000 1.0000e+00  470.00 8.8745e-09 1.4733e-57 3.0190e-35 8.0119e-32 9.9835e-01 2.7204e-22 5.3863e-04 9.8015e-04 2.5324e-19 1.3530e-04 
261000.000 1.0000e+00  480.00 6.9565e-09 8.2774e-58 4.4418e-35 6.5788e-32 9.9835e-01 5.8813e-22 5.3863e-04 9.8015e-04 7.1471e-19 1.3530e-04 
260000.000 1.0000e+00  490.00 8.1248e-09 3.6787e-56 1.1046e-34 1.5563e-31 9.9835e-01 1.4468e-21 5.3863e-04 9.8015e-04 1.1543e-18 1.3530e-04 
259000.000 1.0000e+00  500.00 2.8096e-09 1.0850e-56 1.8862e-35 2.3450e-32 9.9835e-01 3.7739e-21 5.3863e-04 9.8015e-04 3.7779e-18 1.3530e-04 
258000.000 1.0000e+00  510.00 8.4490e-09 1.8415e-54 3.1893e-34 4.0268e-31 9.9835e-01 7.5179e-21 5.3863e-04 9.8015e-04 5.0760e-18 1.3530e-04 
257000.000 1.0000e+00  520.00 5.5141e-09 2.3687e-54 3.5404e-34 2.3717e-31 9.9835e-01 1.5543e-20 5.3863e-04 9.8015e-04 1.1561e-17 1.3530e-04 
256000.000 1.0000e+00  530.00 1.0736e-08 4.1515e-53 2.2837e-33 1.4932e-30 9.9835e-01 2.5574e-20 5.3863e-04 9.8015e-04 1.5359e-17 1.3530e-04 
255000.000 1.0000e+00  540.00 1.7256e-09 3.5023e-54 2.3743e-34 6.5451e-32 9.9835e-01 5.3711e-20 5.3863e-04 9.8015e-04 4.6340e-17 1.3530e-04 
254000.000 1.0000e+00  550.00 1.3751e-09 8.5886e-54 3.6122e-34 6.7839e-32 9.9835e-01 1.0437e-19 5.3863e-04 9.8015e-04 9.9560e-17 1.3530e-04 
253000.000 1.0000e+00  560.00 6.6356e-10 1.4398e-54 1.7744e-34 9.5200e-33 9.9835e-01 1.4258e-19 5.3863e-04 9.8015e-04 1.7101e-16 1.3530e-04 
252000.000 1.0000e+00  570.00 1.0455e-10 2.2666e-55 2.2390e-35 4.7841e-34 9.9835e-01 3.1188e-19 5.3863e-04 9.8015e-04 5.8736e-16 1.3530e-04 
251000.000 1.0000e+00  580.00 5.7877e-12 9.8087e-57 1.0102e-36 8.1467e-36 9.9835e-01 1.1249e-18 5.3863e-04 9.8015e-04 4.8788e-15 1.3530e-04 
250000.000 1.0000e+00  590.00 1.2220e-13 1.9371e-58 1.2747e-38 4.0019e-38 9.9835e-01 4.8308e-18 5.3863e-04 9.8015e-04 3.9801e-14 1.3530e-04 
249000.000 1.0000e+00  600.00 3.1415e-15 2.0296e-59 3.0056e-40 1.6354e-39 9.9835e-01 2.0639e-17 5.3863e-04 9.8015e-04 3.7165e-13 1.3530e-04 
248000.000 1.0000e+00  610.00 6.1720e-17 4.0117e-60 3.5093e-41 1.1454e-40 9.9835e-01 2.1493e-15 5.3863e-04 9.8015e-04 2.9149e-10 1.3530e-04 
247000.000 1.0000e+00  620.00 1.3160e-16 5.2554e-59 1.8457e-40 5.8629e-40 9.9835e-01 1.0212e-13 5.3863e-04 9.8015e-04 9.2836e-07 1.3344e-04 
246000.000 1.0000e+00  630.00 2.5900e-16 6.2161e-58 9.0429e-40 2.6983e-39 9.9835e-01 2.0048e-13 5.3863e-04 9.8014e-04 2.9098e-06 1.2948e-04 
245000.000 1.0000e+00  640.00 4.9903e-16 6.8061e-57 4.2785e-39 1.1840e-38 9.9835e-01 3.8403e-13 5.3863e-04 9.8014e-04 3.8405e-06 1.2762e-04 
244000.000 1.0000e+00  650.00 9.4232e-16 6.9230e-56 1.9219e-38 4.9641e-38 9.9835e-01 7.2108e-13 5.3863e-04 9.8014e-04 4.9851e-06 1.2533e-04 
243000.000 1.0000e+00  660.00 1.6612e-15 5.9204e-55 7.5407e-38 1.8183e-37 9.9835e-01 1.1812e-12 5.3863e-04 9.8014e-04 5.8287e-06 1.2364e-04 
242000.000 1.0000e+00  670.00 3.0259e-15 5.2839e-54 3.0882e-37 7.0289e-37 9.9835e-01 2.1523e-12 5.3863e-04 9.8013e-04 7.3766e-06 1.2054e-04 
241000.000 1.0000e+00  680.00 5.4154e-15 4.4218e-53 1.2067e-36 2.6111e-36 9.9836e-01 3.8532e-12 5.3862e-04 9.8013e-04 9.1682e-06 1.1696e-04 
240000.000 1.0000e+00  690.00 9.5296e-15 3.4794e-52 4.5054e-36 9.3380e-36 9.9836e-01 6.7829e-12 5.3862e-04 9.8012e-04 1.1191e-05 1.1291e-04 
239000.000 1.0000e+00  700.00 1.6501e-14 2.5811e-51 1.6103e-35 3.2201e-35 9.9836e-01 1.1749e-11 5.3862e-04 9.8012e-04 1.3418e-05 1.0846e-04 
238000.000 1.0000e+00  710.00 2.8134e-14 1.8096e-50 5.5191e-35 1.0723e-34 9.9836e-01 2.0038e-11 5.3862e-04 9.8012e-04 1.5814e-05 1.0367e-04 
237000.000 1.0000e+00  720.00 4.7262e-14 1.2020e-49 1.8172e-34 3.4537e-34 9.9836e-01 3.3671e-11 5.3861e-04 9.8011e-04 1.8334e-05 9.8625e-05 
236000.000 1.0000e+00  730.00 7.8274e-14 7.5797e-49 5.7583e-34 1.0772e-33 9.9837e-01 5.5782e-11 5.3861e-04 9.8011e-04 2.0933e-05 9.3427e-05 
235000.000 1.0000e+00  740.00 1.2788e-13 4.5478e-48 1.7594e-33 3.2584e-33 9.9837e-01 9.1160e-11 5.3861e-04 9.8010e-04 2.3563e-05 8.8166e-05 
234000.000 1.0000e+00  750.00 2.0621e-13 2.6014e-47 5.1923e-33 9.5690e-33 9.9837e-01 1.4704e-10 5.3860e-04 9.8010e-04 2.6183e-05 8.2924e-05 
233000.000 1.0000e+00  760.00 3.1682e-13 1.4169e-46 1.4421e-32 2.5928e-32 9.9837e-01 2.3214e-10 5.3860e-04 9.8009e-04 2.8671e-05 7.7948e-05 
232000.000 1.0000e+00  770.00 4.9904e-13 7.4371e-46 3.9994e-32 7.2211e-32 9.9838e-01 3.6694e-10 5.3860e-04 9.8009e-04 3.1219e-05 7.2851e-05 
231000.000 1.0000e+00  780.00 7.7698e-13 3.7410e-45 1.0765e-31 1.9590e-31 9.9838e-01 5.7323e-10 5.3860e-04 9.8008e-04 3.3668e-05 6.7952e-05 
230000.000 1.0000e+00  790.00 1.1962e-12 1.8064e-44 2.8165e-31 5.1817e-31 9.9838e-01 8.8545e-10 5.3859e-04 9.8008e-04 3.6002e-05 6.3285e-05 
229000.000 1.0000e+00  800.00 1.8219e-12 8.3857e-44 7.1728e-31 1.3377e-30 9.9838e-01 1.3529e-09 5.3859e-04 9.8007e-04 3.8208e-05 5.8871e-05 
228000.000 1.0000e+00  810.00 2.7463e-12 3.7480e-43 1.7805e-30 3.3735e-30 9.9839e-01 2.0457e-09 5.3859e-04 9.8007e-04 4.0283e-05 5.4722e-05 
227000.000 1.0000e+00  820.00 4.0983e-12 1.6151e-42 4.3128e-30 8.3178e-30 9.9839e-01 3.0622e-09 5.3858e-04 9.8006e-04 4.2223e-05 5.0841e-05 
226000.000 1.0000e+00  830.00 6.0572e-12 6.7194e-42 1.0206e-29 2.0067e-29 9.9839e-01 4.5394e-09 5.3858e-04 9.8006e-04 4.4031e-05 4.7224e-05 
225000.000 1.0000e+00  840.00 8.8696e-12 2.7021e-41 2.3621e-29 4.7408e-29 9.9839e-01 6.6664e-09 5.3858e-04 9.8005e-04 4.5710e-05 4.3865e-05 
224000.000 1.0000e+00  850.00 1.2872e-11 1.0516e-40 5.3517e-29 1.0976e-28 9.9839e-01 9.7019e-09 5.3857e-04 9.8004e-04 4.7266e-05 4.0753e-05 
223000.000 1.0000e+00  860.00 1.8037e-11 4.1950e-40 1.1739e-28 2.4266e-28 9.9840e-01 1.4805e-08 5.3857e-04 9.8004e-04 4.9100e-05 3.7085e-05 
222000.000 1.0000e+00  870.00 2.5758e-11 1.5380e-39 2.5573e-28 5.4165e-28 9.9840e-01 2.1238e-08 5.3856e-04 9.8003e-04 5.0425e-05 3.4435e-05 
221000.000 1.0000e+00  880.00 3.6488e-11 5.4747e-39 5.4673e-28 1.1871e-27 9.9840e-01 3.0216e-08 5.3855e-04 9.8002e-04 5.1645e-05 3.1994e-05 
220000.000 1.0000e+00  890.00 5.1285e-11 1.8939e-38 1.1480e-27 2.5564e-27 9.9840e-01 4.2649e-08 5.3853e-04 9.8000e-04 5.2768e-05 2.9748e-05 
219000.000 1.0000e+00  900.00 7.1539e-11 6.3736e-38 2.3693e-27 5.4119e-27 9.9840e-01 5.9739e-08 5.3852e-04 9.7998e-04 5.3801e-05 2.7681e-05 
218000.000 1.0000e+00  910.00 9.9065e-11 2.0884e-37 4.8090e-27 1.1270e-26 9.9840e-01 8.3058e-08 5.3849e-04 9.7996e-04 5.4752e-05 2.5780e-05 
217000.000 1.0000e+00  920.00 1.3621e-10 6.6687e-37 9.6057e-27 2.3096e-26 9.9840e-01 1.1465e-07 5.3846e-04 9.7992e-04 5.5626e-05 2.4031e-05 
216000.000 1.0000e+00  930.00 1.8602e-10 2.0769e-36 1.8892e-26 4.6608e-26 9.9840e-01 1.5716e-07 5.3842e-04 9.7988e-04 5.6430e-05 2.2422e-05 
215000.000 1.0000e+00  940.00 2.5235e-10 6.3135e-36 3.6608e-26 9.2660e-26 9.9840e-01 2.1399e-07 5.3836e-04 9.7982e-04 5.7171e-05 2.0941e-05 
214000.000 1.0000e+00  950.00 3.4014e-10 1.8748e-35 6.9924e-26 1.8156e-25 9.9840e-01 2.8946e-07 5.3828e-04 9.7974e-04 5.7853e-05 1.9577e-05 
213000.000 1.0000e+00  960.00 4.4682e-10 5.9594e-35 1.3093e-25 3.4764e-25 9.9841e-01 4.2761e-07 5.3814e-04 9.7960e-04 5.8836e-05 1.7611e-05 
212000.000 1.0000e+00  970.00 5.9538e-10 1.6945e-34 2.4345e-25 6.6348e-25 9.9841e-01 5.7210e-07 5.3800e-04 9.7946e-04 5.9400e-05 1.6482e-05 
211000.000 1.0000e+00  980.00 7.8871e-10 4.7164e-34 4.4684e-25 1.2496e-24 9.9841e-01 7.6079e-07 5.3781e-04 9.7927e-04 5.9921e-05 1.5441e-05 
210000.000 1.0000e+00  990.00 1.0389e-09 1.2857e-33 8.0992e-25 2.3236e-24 9.9841e-01 1.0057e-06 5.3756e-04 9.7902e-04 6.0401e-05 1.4480e-05 
209000.000 1.0000e+00 1000.00 1.3609e-09 3.4347e-33 1.4503e-24 4.2668e-24 9.9841e-01 1.3218e-06 5.3724e-04 9.7870e-04 6.0844e-05 1.3594e-05 
208000.000 1.0000e+00 1010.00 1.7733e-09 8.9972e-33 2.5666e-24 7.7407e-24 9.9841e-01 1.7274e-06 5.3684e-04 9.7830e-04 6.1253e-05 1.2775e-05 
207000.000 1.0000e+00 1020.00 2.2986e-09 2.3123e-32 4.4908e-24 1.3878e-23 9.9841e-01 2.2449e-06 5.3632e-04 9.7778e-04 6.1632e-05 1.2017e-05 
206000.000 1.0000e+00 1030.00 2.9645e-09 5.8329e-32 7.7710e-24 2.4598e-23 9.9841e-01 2.9013e-06 5.3566e-04 9.7712e-04 6.1983e-05 1.1316e-05 
205000.000 1.0000e+00 1040.00 3.8047e-09 1.4449e-31 1.3304e-23 4.3112e-23 9.9841e-01 3.7293e-06 5.3483e-04 9.7629e-04 6.2307e-05 1.0666e-05 
204000.000 1.0000e+00 1050.00 4.8600e-09 3.5166e-31 2.2541e-23 7.4741e-23 9.9841e-01 4.7674e-06 5.3379e-04 9.7525e-04 6.2609e-05 1.0063e-05 
203000.000 1.0000e+00 1060.00 6.0938e-09 9.3734e-31 3.7716e-23 1.2846e-22 9.9842e-01 6.7962e-06 5.3176e-04 9.7321e-04 6.3121e-05 9.0363e-06 
202000.000 1.0000e+00 1070.00 7.7178e-09 2.2055e-30 6.2667e-23 2.1823e-22 9.9842e-01 8.5970e-06 5.2996e-04 9.7141e-04 6.3371e-05 8.5371e-06 
201000.000 1.0000e+00 1080.00 9.7321e-09 5.1033e-30 1.0314e-22 3.6693e-22 9.9842e-01 1.0813e-05 5.2774e-04 9.6919e-04 6.3602e-05 8.0731e-06 
200000.000 1.0000e+00 1090.00 1.2220e-08 1.1616e-29 1.6819e-22 6.1077e-22 9.9842e-01 1.3523e-05 5.2503e-04 9.6647e-04 6.3818e-05 7.6414e-06 
199000.000 1.0000e+00 1100.00 1.5280e-08 2.6017e-29 2.7181e-22 1.0066e-21 9.9843e-01 1.6810e-05 5.2174e-04 9.6318e-04 6.4018e-05 7.2394e-06 
198000.000 1.0000e+00 1110.00 1.9030e-08 5.7345e-29 4.3546e-22 1.6428e-21 9.9843e-01 2.0769e-05 5.1777e-04 9.5921e-04 6.4205e-05 6.8646e-06 
197000.000 1.0000e+00 1120.00 2.3608e-08 1.2442e-28 6.9172e-22 2.6554e-21 9.9844e-01 2.5496e-05 5.1304e-04 9.5447e-04 6.4379e-05 6.5149e-06 
196000.000 1.0000e+00 1130.00 2.9176e-08 2.6573e-28 1.0898e-21 4.2515e-21 9.9844e-01 3.1094e-05 5.0744e-04 9.4887e-04 6.4542e-05 6.1883e-06 
195000.000 1.0000e+00 1140.00 3.5923e-08 5.5881e-28 1.7031e-21 6.7431e-21 9.9845e-01 3.7659e-05 5.0086e-04 9.4229e-04 6.4694e-05 5.8831e-06 
194000.000 1.0000e+00 1150.00 4.4070e-08 1.1571e-27 2.6409e-21 1.0595e-20 9.9846e-01 4.5284e-05 4.9323e-04 9.3465e-04 6.4835e-05 5.5975e-06 
193000.000 1.0000e+00 1160.00 5.3355e-08 2.6213e-27 4.0646e-21 1.6569e-20 9.9847e-01 6.0221e-05 4.7828e-04 9.1968e-04 6.5114e-05 5.0357e-06 
192000.000 1.0000e+00 1170.00 6.5033e-08 5.2538e-27 6.2106e-21 2.5552e-20 9.9848e-01 7.1117e-05 4.6737e-04 9.0876e-04 6.5232e-05 4.7974e-06 
191000.000 1.0000e+00 1180.00 7.9002e-08 1.0368e-26 9.4213e-21 3.9048e-20 9.9849e-01 8.3288e-05 4.5518e-04 8.9657e-04 6.5342e-05 4.5739e-06 
190000.000 1.0000e+00 1190.00 9.5658e-08 2.0146e-26 1.4191e-20 5.9141e-20 9.9851e-01 9.6716e-05 4.4174e-04 8.8311e-04 6.5445e-05 4.3642e-06 
189000.000 1.0000e+00 1200.00 1.1546e-07 3.8552e-26 2.1231e-20 8.8787e-20 9.9852e-01 1.1135e-04 4.2710e-04 8.6845e-04 6.5542e-05 4.1672e-06 
188000.000 1.0000e+00 1210.00 1.3892e-07 7.2663e-26 3.1549e-20 1.3216e-19 9.9854e-01 1.2709e-04 4.1134e-04 8.5268e-04 6.5632e-05 3.9820e-06 
187000.000 1.0000e+00 1220.00 1.6665e-07 1.3492e-25 4.6578e-20 1.9508e-19 9.9856e-01 1.4382e-04 3.9459e-04 8.3592e-04 6.5717e-05 3.8077e-06 
186000.000 1.0000e+00 1230.00 1.9932e-07 2.4685e-25 6.8330e-20 2.8563e-19 9.9857e-01 1.6138e-04 3.7701e-04 8.1832e-04 6.5797e-05 3.6436e-06 
185000.000 1.0000e+00 1240.00 2.3771e-07 4.4514e-25 9.9620e-20 4.1499e-19 9.9859e-01 1.7960e-04 3.5877e-04 8.0007e-04 6.5871e-05 3.4890e-06 
184000.000 1.0000e+00 1250.00 2.8269e-07 7.9139e-25 1.4436e-19 5.9844e-19 9.9861e-01 1.9829e-04 3.4006e-04 7.8134e-04 6.5942e-05 3.3432e-06 
183000.000 1.0000e+00 1260.00 3.3312e-07 1.4940e-24 2.0833e-19 8.5435e-19 9.9864e-01 2.3198e-04 3.0634e-04 7.4759e-04 6.6099e-05 3.0200e-06 
182000.000 1.0000e+00 1270.00 3.9416e-07 2.5751e-24 2.9846e-19 1.2148e-18 9.9866e-01 2.5124e-04 2.8705e-04 7.2828e-04 6.6158e-05 2.8970e-06 
181000.000 1.0000e+00 1280.00 4.6517e-07 4.3803e-24 4.2519e-19 1.7164e-18 9.9868e-01 2.7028e-04 2.6799e-04 7.0921e-04 6.6213e-05 2.7809e-06 
180000.000 1.0000e+00 1290.00 5.4756e-07 7.3560e-24 6.0240e-19 2.4107e-18 9.9870e-01 2.8894e-04 2.4931e-04 6.9051e-04 6.6266e-05 2.6710e-06 
179000.000 1.0000e+00 1300.00 6.4293e-07 1.2200e-23 8.4889e-19 3.3671e-18 9.9872e-01 3.0707e-04 2.3116e-04 6.7234e-04 6.6315e-05 2.5671e-06 
178000.000 1.0000e+00 1310.00 7.5306e-07 1.9992e-23 1.1900e-18 4.6783e-18 9.9874e-01 3.2457e-04 2.1364e-04 6.5481e-04 6.6362e-05 2.4686e-06 
177000.000 1.0000e+00 1320.00 8.7995e-07 3.2377e-23 1.6596e-18 6.4678e-18 9.9875e-01 3.4134e-04 1.9685e-04 6.3801e-04 6.6406e-05 2.3753e-06 
176000.000 1.0000e+00 1330.00 1.0258e-06 5.1845e-23 2.3029e-18 8.9003e-18 9.9877e-01 3.5731e-04 1.8087e-04 6.2200e-04 6.6448e-05 2.2868e-06 
175000.000 1.0000e+00 1340.00 1.1931e-06 8.2110e-23 3.1801e-18 1.2194e-17 9.9879e-01 3.7243e-04 1.6573e-04 6.0685e-04 6.6488e-05 2.2028e-06 
174000.000 1.0000e+00 1350.00 1.3846e-06 1.2867e-22 4.3703e-18 1.6637e-17 9.9880e-01 3.8667e-04 1.5147e-04 5.9259e-04 6.6526e-05 2.1231e-06 
173000.000 1.0000e+00 1360.00 1.5977e-06 2.0660e-22 5.9966e-18 2.2630e-17 9.9882e-01 4.1122e-04 1.2690e-04 5.6799e-04 6.6621e-05 1.9273e-06 
172000.000 1.0000e+00 1370.00 1.8467e-06 3.1629e-22 8.1667e-18 3.0675e-17 9.9884e-01 4.2301e-04 1.1510e-04 5.5618e-04 6.6653e-05 1.8593e-06 
171000.000 1.0000e+00 1380.00 2.1300e-06 4.7963e-22 1.1072e-17 4.1434e-17 9.9885e-01 4.3390e-04 1.0419e-04 5.4526e-04 6.6684e-05 1.7947e-06 
170000.000 1.0000e+00 1390.00 2.4518e-06 7.2071e-22 1.4946e-17 5.5778e-17 9.9886e-01 4.4393e-04 9.4157e-05 5.3522e-04 6.6713e-05 1.7332e-06 
169000.000 1.0000e+00 1400.00 2.8165e-06 1.0735e-21 2.0089e-17 7.4843e-17 9.9886e-01 4.5312e-04 8.4956e-05 5.2601e-04 6.6741e-05 1.6747e-06 
168000.000 1.0000e+00 1410.00 3.2290e-06 1.5853e-21 2.6888e-17 1.0010e-16 9.9887e-01 4.6151e-04 7.6549e-05 5.1760e-04 6.6768e-05 1.6189e-06 
167000.000 1.0000e+00 1420.00 3.6949e-06 2.3224e-21 3.5840e-17 1.3348e-16 9.9888e-01 4.6916e-04 6.8893e-05 5.0993e-04 6.6794e-05 1.5656e-06 
166000.000 1.0000e+00 1430.00 4.2201e-06 3.3755e-21 4.7582e-17 1.7743e-16 9.9889e-01 4.7611e-04 6.1940e-05 5.0297e-04 6.6818e-05 1.5149e-06 
165000.000 1.0000e+00 1440.00 4.8110e-06 4.8696e-21 6.2921e-17 2.3515e-16 9.9889e-01 4.8240e-04 5.5642e-05 4.9667e-04 6.6841e-05 1.4664e-06 
164000.000 1.0000e+00 1450.00 5.4747e-06 6.9747e-21 8.2885e-17 3.1071e-16 9.9890e-01 4.8808e-04 4.9952e-05 4.9097e-04 6.6864e-05 1.4201e-06 
163000.000 1.0000e+00 1460.00 6.2109e-06 9.9768e-21 1.0921e-16 4.1471e-16 9.9891e-01 4.9786e-04 4.0166e-05 4.8118e-04 6.6924e-05 1.2963e-06 
162000.000 1.0000e+00 1470.00 7.0449e-06 1.4074e-20 1.4282e-16 5.4539e-16 9.9891e-01 5.0205e-04 3.5968e-05 4.7698e-04 6.6944e-05 1.2565e-06 
161000.000 1.0000e+00 1480.00 7.9773e-06 1.9732e-20 1.8609e-16 7.1511e-16 9.9891e-01 5.0581e-04 3.2208e-05 4.7321e-04 6.6962e-05 1.2184e-06 
160000.000 1.0000e+00 1490.00 9.0180e-06 2.7500e-20 2.4161e-16 9.3488e-16 9.9891e-01 5.0917e-04 2.8843e-05 4.6985e-04 6.6980e-05 1.1819e-06 
159000.000 1.0000e+00 1500.00 1.0178e-05 3.8108e-20 3.1260e-16 1.2186e-15 9.9892e-01 5.1217e-04 2.5834e-05 4.6683e-04 6.6997e-05 1.1470e-06 
158000.000 1.0000e+00 1510.00 1.1469e-05 5.2521e-20 4.0307e-16 1.5837e-15 9.9892e-01 5.1486e-04 2.3147e-05 4.6414e-04 6.7013e-05 1.1136e-06 
157000.000 1.0000e+00 1520.00 1.2903e-05 7.2005e-20 5.1798e-16 2.0522e-15 9.9892e-01 5.1725e-04 2.0748e-05 4.6174e-04 6.7029e-05 1.0815e-06 
156000.000 1.0000e+00 1530.00 1.4494e-05 9.8222e-20 6.6348e-16 2.6515e-15 9.9892e-01 5.1939e-04 1.8607e-05 4.5960e-04 6.7044e-05 1.0508e-06 
155000.000 1.0000e+00 1540.00 1.6256e-05 1.3333e-19 8.4711e-16 3.4159e-15 9.9892e-01 5.2130e-04 1.6696e-05 4.5769e-04 6.7058e-05 1.0213e-06 
154000.000 1.0000e+00 1550.00 1.8206e-05 1.8015e-19 1.0782e-15 4.3880e-15 9.9892e-01 5.2300e-04 1.4992e-05 4.5598e-04 6.7072e-05 9.9305e-07 
153000.000 1.0000e+00 1560.00 2.0371e-05 2.4041e-19 1.3743e-15 5.7399e-15 9.9892e-01 5.2602e-04 1.1969e-05 4.5295e-04 6.7113e-05 9.1117e-07 
152000.000 1.0000e+00 1570.00 2.2754e-05 3.2177e-19 1.7387e-15 7.3357e-15 9.9892e-01 5.2723e-04 1.0758e-05 4.5174e-04 6.7125e-05 8.8660e-07 
151000.000 1.0000e+00 1580.00 2.5380e-05 4.2887e-19 2.1933e-15 9.3485e-15 9.9892e-01 5.2831e-04 9.6776e-06 4.5066e-04 6.7136e-05 8.6298e-07 
150000.000 1.0000e+00 1590.00 2.8270e-05 5.6931e-19 2.7585e-15 1.1880e-14 9.9892e-01 5.2927e-04 8.7139e-06 4.4969e-04 6.7147e-05 8.4028e-07 
149000.000 1.0000e+00 1600.00 3.1447e-05 7.5280e-19 3.4595e-15 1.5055e-14 9.9891e-01 5.3013e-04 7.8535e-06 4.4883e-04 6.7158e-05 8.1845e-07 
148000.000 1.0000e+00 1610.00 3.4935e-05 9.9164e-19 4.3265e-15 1.9025e-14 9.9891e-01 5.3089e-04 7.0849e-06 4.4806e-04 6.7168e-05 7.9744e-07 
147000.000 1.0000e+00 1620.00 3.8760e-05 1.3014e-18 5.3958e-15 2.3977e-14 9.9891e-01 5.3158e-04 6.3977e-06 4.4737e-04 6.7178e-05 7.7722e-07 
146000.000 1.0000e+00 1630.00 4.2948e-05 1.7019e-18 6.7111e-15 3.0137e-14 9.9890e-01 5.3219e-04 5.7829e-06 4.4676e-04 6.7188e-05 7.5775e-07 
145000.000 1.0000e+00 1640.00 4.7530e-05 2.2178e-18 8.3249e-15 3.7778e-14 9.9890e-01 5.3274e-04 5.2323e-06 4.4621e-04 6.7197e-05 7.3899e-07 
144000.000 1.0000e+00 1650.00 5.2536e-05 2.8801e-18 1.0300e-14 4.7233e-14 9.9890e-01 5.3323e-04 4.7390e-06 4.4571e-04 6.7206e-05 7.2092e-07 
143000.000 1.0000e+00 1660.00 5.8108e-05 3.6826e-18 1.2775e-14 6.0318e-14 9.9889e-01 5.3415e-04 3.8243e-06 4.4479e-04 6.7233e-05 6.6521e-07 
142000.000 1.0000e+00 1670.00 6.4087e-05 4.7504e-18 1.5727e-14 7.5051e-14 9.9889e-01 5.3450e-04 3.4706e-06 4.4444e-04 6.7241e-05 6.4937e-07 
141000.000 1.0000e+00 1680.00 7.0598e-05 6.1085e-18 1.9314e-14 9.3146e-14 9.9888e-01 5.3481e-04 3.1529e-06 4.4412e-04 6.7248e-05 6.3408e-07 
140000.000 1.0000e+00 1690.00 7.7681e-05 7.8306e-18 2.3661e-14 1.1532e-13 9.9887e-01 5.3510e-04 2.8671e-06 4.4383e-04 6.7255e-05 6.1933e-07 
139000.000 1.0000e+00 1700.00 8.5379e-05 1.0008e-17 2.8917e-14 1.4241e-13 9.9887e-01 5.3535e-04 2.6099e-06 4.4357e-04 6.7262e-05 6.0509e-07 
138000.000 1.0000e+00 1710.00 9.3736e-05 1.2753e-17 3.5259e-14 1.7545e-13 9.9886e-01 5.3558e-04 2.3781e-06 4.4334e-04 6.7269e-05 5.9133e-07 
137000.000 1.0000e+00 1720.00 1.0280e-04 1.6203e-17 4.2892e-14 2.1565e-13 9.9885e-01 5.3579e-04 2.1691e-06 4.4313e-04 6.7275e-05 5.7804e-07 
136000.000 1.0000e+00 1730.00 1.1262e-04 2.0529e-17 5.2059e-14 2.6442e-13 9.9884e-01 5.3597e-04 1.9804e-06 4.4294e-04 6.7281e-05 5.6520e-07 
135000.000 1.0000e+00 1740.00 1.2325e-04 2.5937e-17 6.3045e-14 3.2349e-13 9.9883e-01 5.3614e-04 1.8099e-06 4.4276e-04 6.7287e-05 5.5278e-07 
134000.000 1.0000e+00 1750.00 1.3474e-04 3.2680e-17 7.6182e-14 3.9485e-13 9.9882e-01 5.3629e-04 1.6557e-06 4.4261e-04 6.7292e-05 5.4077e-07 
133000.000 1.0000e+00 1760.00 1.4759e-04 4.0501e-17 9.2326e-14 4.9306e-13 9.9880e-01 5.3659e-04 1.3553e-06 4.4230e-04 6.7312e-05 5.0136e-07 
132000.000 1.0000e+00 1770.00 1.6105e-04 5.0760e-17 1.1110e-13 5.9929e-13 9.9879e-01 5.3670e-04 1.2423e-06 4.4219e-04 6.7317e-05 4.9075e-07 
131000.000 1.0000e+00 1780.00 1.7557e-04 6.3454e-17 1.3342e-13 7.2683e-13 9.9878e-01 5.3680e-04 1.1398e-06 4.4208e-04 6.7321e-05 4.8048e-07 
130000.000 1.0000e+00 1790.00 1.9121e-04 7.9122e-17 1.5989e-13 8.7963e-13 9.9876e-01 5.3688e-04 1.0467e-06 4.4198e-04 6.7326e-05 4.7053e-07 
129000.000 1.0000e+00 1800.00 2.0805e-04 9.8413e-17 1.9123e-13 1.0623e-12 9.9874e-01 5.3696e-04 9.6213e-07 4.4190e-04 6.7330e-05 4.6090e-07 
128000.000 1.0000e+00 1810.00 2.2617e-04 1.2211e-16 2.2826e-13 1.2803e-12 9.9873e-01 5.3704e-04 8.8517e-07 4.4182e-04 6.7334e-05 4.5156e-07 
127000.000 1.0000e+00 1820.00 2.4563e-04 1.5115e-16 2.7193e-13 1.5399e-12 9.9871e-01 5.3710e-04 8.1508e-07 4.4174e-04 6.7338e-05 4.4252e-07 
126000.000 1.0000e+00 1830.00 2.6653e-04 1.8666e-16 3.2334e-13 1.8483e-12 9.9869e-01 5.3716e-04 7.5121e-07 4.4167e-04 6.7341e-05 4.3374e-07 
125000.000 1.0000e+00 1840.00 2.8894e-04 2.2997e-16 3.8374e-13 2.2143e-12 9.9866e-01 5.3721e-04 6.9293e-07 4.4161e-04 6.7345e-05 4.2524e-07 
124000.000 1.0000e+00 1850.00 3.1297e-04 2.8269e-16 4.5459e-13 2.6475e-12 9.9864e-01 5.3726e-04 6.3972e-07 4.4155e-04 6.7348e-05 4.1698e-07 
123000.000 1.0000e+00 1860.00 3.4004e-04 3.4192e-16 5.4038e-13 3.2385e-12 9.9861e-01 5.3736e-04 5.3189e-07 4.4144e-04 6.7361e-05 3.8857e-07 
122000.000 1.0000e+00 1870.00 3.6775e-04 4.1846e-16 6.3790e-13 3.8581e-12 9.9859e-01 5.3739e-04 4.9194e-07 4.4139e-04 6.7364e-05 3.8122e-07 
121000.000 1.0000e+00 1880.00 3.9737e-04 5.1102e-16 7.5168e-13 4.5876e-12 9.9856e-01 5.3742e-04 4.5537e-07 4.4135e-04 6.7367e-05 3.7409e-07 
120000.000 1.0000e+00 1890.00 4.2903e-04 6.2272e-16 8.8421e-13 5.4452e-12 9.9852e-01 5.3744e-04 4.2185e-07 4.4131e-04 6.7369e-05 3.6716e-07 
119000.000 1.0000e+00 1900.00 4.6284e-04 7.5726e-16 1.0383e-12 6.4515e-12 9.9849e-01 5.3747e-04 3.9111e-07 4.4127e-04 6.7371e-05 3.6042e-07 
118000.000 1.0000e+00 1910.00 4.9892e-04 9.1897e-16 1.2173e-12 7.6303e-12 9.9845e-01 5.3748e-04 3.6288e-07 4.4123e-04 6.7373e-05 3.5388e-07 
117000.000 1.0000e+00 1920.00 5.3739e-04 1.1130e-15 1.4247e-12 9.0087e-12 9.9842e-01 5.3750e-04 3.3696e-07 4.4120e-04 6.7375e-05 3.4752e-07 
116000.000 1.0000e+00 1930.00 5.7837e-04 1.3452e-15 1.6648e-12 1.0618e-11 9.9837e-01 5.3751e-04 3.1312e-07 4.4117e-04 6.7377e-05 3.4134e-07 
115000.000 1.0000e+00 1940.00 6.2201e-04 1.6227e-15 1.9421e-12 1.2493e-11 9.9833e-01 5.3752e-04 2.9118e-07 4.4113e-04 6.7379e-05 3.3533e-07 
114000.000 1.0000e+00 1950.00 6.6845e-04 1.9537e-15 2.2621e-12 1.4676e-11 9.9828e-01 5.3753e-04 2.7097e-07 4.4110e-04 6.7380e-05 3.2948e-07 
113000.000 1.0000e+00 1960.00 7.2117e-04 2.3152e-15 2.6446e-12 1.7636e-11 9.9823e-01 5.3756e-04 2.2843e-07 4.4105e-04 6.7389e-05 3.0838e-07 
112000.000 1.0000e+00 1970.00 7.7396e-04 2.7770e-15 3.0711e-12 2.0652e-11 9.9818e-01 5.3756e-04 2.1292e-07 4.4102e-04 6.7390e-05 3.0313e-07 
111000.000 1.0000e+00 1980.00 8.3002e-04 3.3248e-15 3.5610e-12 2.4146e-11 9.9812e-01 5.3756e-04 1.9861e-07 4.4099e-04 6.7390e-05 2.9803e-07 
110000.000 1.0000e+00 1990.00 8.8952e-04 3.9734e-15 4.1229e-12 2.8186e-11 9.9806e-01 5.3756e-04 1.8538e-07 4.4097e-04 6.7391e-05 2.9306e-07 
109000.000 1.0000e+00 2000.00 9.5262e-04 4.7402e-15 4.7664e-12 3.2852e-11 9.9800e-01 5.3755e-04 1.7315e-07 4.4094e-04 6.7391e-05 2.8821e-07 
108000.000 1.0000e+00 2010.00 1.0195e-03 5.6449e-15 5.5025e-12 3.8232e-11 9.9793e-01 5.3755e-04 1.6183e-07 4.4092e-04 6.7391e-05 2.8350e-07 
107000.000 1.0000e+00 2020.00 1.0903e-03 6.7105e-15 6.3432e-12 4.4426e-11 9.9786e-01 5.3754e-04 1.5136e-07 4.4089e-04 6.7391e-05 2.7890e-07 
106000.000 1.0000e+00 2030.00 1.1653e-03 7.9638e-15 7.3022e-12 5.1548e-11 9.9779e-01 5.3753e-04 1.4165e-07 4.4086e-04 6.7391e-05 2.7442e-07 
105000.000 1.0000e+00 2040.00 1.2447e-03 9.4352e-15 8.3945e-12 5.9725e-11 9.9771e-01 5.3751e-04 1.3265e-07 4.4084e-04 6.7390e-05 2.7005e-07 
104000.000 1.0000e+00 2050.00 1.3285e-03 1.1160e-14 9.6370e-12 6.9099e-11 9.9763e-01 5.3750e-04 1.2429e-07 4.4081e-04 6.7389e-05 2.6579e-07 
103000.000 1.0000e+00 2060.00 1.4246e-03 1.2994e-14 1.1107e-11 8.1779e-11 9.9753e-01 5.3749e-04 1.0611e-07 4.4077e-04 6.7394e-05 2.4987e-07 
102000.000 1.0000e+00 2070.00 1.5188e-03 1.5321e-14 1.2718e-11 9.4361e-11 9.9744e-01 5.3747e-04 9.9568e-08 4.4074e-04 6.7393e-05 2.4602e-07 
101000.000 1.0000e+00 2080.00 1.6183e-03 1.8034e-14 1.4544e-11 1.0873e-10 9.9734e-01 5.3745e-04 9.3484e-08 4.4072e-04 6.7391e-05 2.4227e-07 
100000.000 1.0000e+00 2090.00 1.7232e-03 2.1195e-14 1.6611e-11 1.2511e-10 9.9723e-01 5.3743e-04 8.7824e-08 4.4069e-04 6.7390e-05 2.3860e-07 
 99000.000 1.0000e+00 2100.00 1.8339e-03 2.4872e-14 1.8947e-11 1.4378e-10 9.9712e-01 5.3741e-04 8.2553e-08 4.4066e-04 6.7388e-05 2.3503e-07 
 98000.000 1.0000e+00 2110.00 1.9504e-03 2.9142e-14 2.1584e-11 1.6501e-10 9.9700e-01 5.3738e-04 7.7643e-08 4.4063e-04 6.7386e-05 2.3153e-07 
 97000.000 1.0000e+00 2120.00 2.0732e-03 3.4094e-14 2.4559e-11 1.8913e-10 9.9688e-01 5.3735e-04 7.3065e-08 4.4059e-04 6.7383e-05 2.2812e-07 
 96000.000 1.0000e+00 2130.00 2.2024e-03 3.9828e-14 2.7910e-11 2.1650e-10 9.9675e-01 5.3732e-04 6.8795e-08 4.4056e-04 6.7380e-05 2.2479e-07 
 95000.000 1.0000e+00 2140.00 2.3384e-03 4.6459e-14 3.1680e-11 2.4752e-10 9.9662e-01 5.3729e-04 6.4809e-08 4.4053e-04 6.7377e-05 2.2153e-07 
 94000.000 1.0000e+00 2150.00 2.4813e-03 5.4115e-14 3.5917e-11 2.8264e-10 9.9647e-01 5.3725e-04 6.1086e-08 4.4049e-04 6.7374e-05 2.1834e-07 
 93000.000 1.0000e+00 2160.00 2.6466e-03 6.2098e-14 4.0875e-11 3.2989e-10 9.9631e-01 5.3722e-04 5.2782e-08 4.4045e-04 6.7375e-05 2.0610e-07 
 92000.000 1.0000e+00 2170.00 2.8055e-03 7.2132e-14 4.6238e-11 3.7581e-10 9.9615e-01 5.3718e-04 4.9811e-08 4.4041e-04 6.7371e-05 2.0320e-07 
 91000.000 1.0000e+00 2180.00 2.9724e-03 8.3670e-14 5.2245e-11 4.2761e-10 9.9598e-01 5.3713e-04 4.7031e-08 4.4037e-04 6.7367e-05 2.0037e-07 
 90000.000 1.0000e+00 2190.00 3.1475e-03 9.6922e-14 5.8966e-11 4.8598e-10 9.9581e-01 5.3709e-04 4.4427e-08 4.4033e-04 6.7362e-05 1.9760e-07 
 89000.000 1.0000e+00 2200.00 3.3312e-03 1.1212e-13 6.6479e-11 5.5168e-10 9.9562e-01 5.3704e-04 4.1989e-08 4.4029e-04 6.7357e-05 1.9489e-07 
 88000.000 1.0000e+00 2210.00 3.5238e-03 1.2953e-13 7.4867e-11 6.2555e-10 9.9543e-01 5.3699e-04 3.9703e-08 4.4024e-04 6.7352e-05 1.9224e-07 
 87000.000 1.0000e+00 2220.00 3.7256e-03 1.4945e-13 8.4224e-11 7.0851e-10 9.9523e-01 5.3694e-04 3.7559e-08 4.4019e-04 6.7346e-05 1.8964e-07 
 86000.000 1.0000e+00 2230.00 3.9370e-03 1.7221e-13 9.4649e-11 8.0158e-10 9.9502e-01 5.3689e-04 3.5548e-08 4.4015e-04 6.7341e-05 1.8710e-07 
 85000.000 1.0000e+00 2240.00 4.1583e-03 1.9818e-13 1.0625e-10 9.0588e-10 9.9480e-01 5.3683e-04 3.3659e-08 4.4010e-04 6.7334e-05 1.8461e-07 
 84000.000 1.0000e+00 2250.00 4.3899e-03 2.2777e-13 1.1916e-10 1.0226e-09 9.9457e-01 5.3677e-04 3.1885e-08 4.4004e-04 6.7328e-05 1.8217e-07 
 83000.000 1.0000e+00 2260.00 4.6595e-03 2.5795e-13 1.3418e-10 1.1794e-09 9.9430e-01 5.3670e-04 2.7826e-08 4.3998e-04 6.7323e-05 1.7254e-07 
 82000.000 1.0000e+00 2270.00 4.9146e-03 2.9576e-13 1.5018e-10 1.3288e-09 9.9404e-01 5.3663e-04 2.6388e-08 4.3992e-04 6.7316e-05 1.7031e-07 
 81000.000 1.0000e+00 2280.00 5.1812e-03 3.3869e-13 1.6792e-10 1.4954e-09 9.9377e-01 5.3656e-04 2.5034e-08 4.3986e-04 6.7308e-05 1.6812e-07 
 80000.000 1.0000e+00 2290.00 5.4598e-03 3.8740e-13 1.8757e-10 1.6813e-09 9.9350e-01 5.3649e-04 2.3759e-08 4.3980e-04 6.7300e-05 1.6598e-07 
 79000.000 1.0000e+00 2300.00 5.7506e-03 4.4259e-13 2.0933e-10 1.8883e-09 9.9321e-01 5.3641e-04 2.2559e-08 4.3973e-04 6.7291e-05 1.6387e-07 
 78000.000 1.0000e+00 2310.00 6.0542e-03 5.0504e-13 2.3338e-10 2.1187e-09 9.9290e-01 5.3633e-04 2.1428e-08 4.3966e-04 6.7282e-05 1.6181e-07 
 77000.000 1.0000e+00 2320.00 6.3709e-03 5.7565e-13 2.5995e-10 2.3749e-09 9.9259e-01 5.3625e-04 2.0361e-08 4.3959e-04 6.7272e-05 1.5978e-07 
 76000.000 1.0000e+00 2330.00 6.7011e-03 6.5538e-13 2.8928e-10 2.6595e-09 9.9226e-01 5.3616e-04 1.9355e-08 4.3952e-04 6.7262e-05 1.5779e-07 
 75000.000 1.0000e+00 2340.00 7.0455e-03 7.4531e-13 3.2162e-10 2.9753e-09 9.9191e-01 5.3607e-04 1.8406e-08 4.3944e-04 6.7251e-05 1.5584e-07 
 74000.000 1.0000e+00 2350.00 7.4042e-03 8.4664e-13 3.5726e-10 3.3255e-09 9.9155e-01 5.3597e-04 1.7510e-08 4.3936e-04 6.7240e-05 1.5393e-07 
 73000.000 1.0000e+00 2360.00 7.8260e-03 9.4803e-13 3.9839e-10 3.7953e-09 9.9113e-01 5.3586e-04 1.5425e-08 4.3927e-04 6.7229e-05 1.4629e-07 
 72000.000 1.0000e+00 2370.00 8.2181e-03 1.0746e-12 4.4176e-10 4.2344e-09 9.9074e-01 5.3576e-04 1.4688e-08 4.3918e-04 6.7217e-05 1.4453e-07 
 71000.000 1.0000e+00 2380.00 8.6261e-03 1.2168e-12 4.8943e-10 4.7201e-09 9.9033e-01 5.3565e-04 1.3990e-08 4.3909e-04 6.7204e-05 1.4279e-07 
 70000.000 1.0000e+00 2390.00 9.0506e-03 1.3763e-12 5.4178e-10 5.2567e-09 9.8991e-01 5.3553e-04 1.3330e-08 4.3899e-04 6.7191e-05 1.4109e-07 
 69000.000 1.0000e+00 2400.00 9.4922e-03 1.5552e-12 5.9922e-10 5.8491e-09 9.8947e-01 5.3541e-04 1.2706e-08 4.3889e-04 6.7176e-05 1.3942e-07 
 68000.000 1.0000e+00 2410.00 9.9512e-03 1.7554e-12 6.6219e-10 6.5026e-09 9.8901e-01 5.3529e-04 1.2115e-08 4.3879e-04 6.7162e-05 1.3777e-07 
 67000.000 1.0000e+00 2420.00 1.0428e-02 1.9794e-12 7.3117e-10 7.2228e-09 9.8853e-01 5.3516e-04 1.1555e-08 4.3868e-04 6.7146e-05 1.3615e-07 
 66000.000 1.0000e+00 2430.00 1.0924e-02 2.2298e-12 8.0666e-10 8.0160e-09 9.8804e-01 5.3503e-04 1.1025e-08 4.3857e-04 6.7130e-05 1.3456e-07 
 65000.000 1.0000e+00 2440.00 1.1438e-02 2.5092e-12 8.8924e-10 8.8888e-09 9.8752e-01 5.3489e-04 1.0522e-08 4.3846e-04 6.7114e-05 1.3299e-07 
 64000.000 1.0000e+00 2450.00 1.1973e-02 2.8210e-12 9.7948e-10 9.8484e-09 9.8699e-01 5.3475e-04 1.0045e-08 4.3834e-04 6.7096e-05 1.3145e-07 
 63000.000 1.0000e+00 2460.00 1.2608e-02 3.1277e-12 1.0831e-09 1.1131e-08 9.8635e-01 5.3458e-04 8.9263e-09 4.3820e-04 6.7078e-05 1.2529e-07 
 62000.000 1.0000e+00 2470.00 1.3188e-02 3.5096e-12 1.1911e-09 1.2314e-08 9.8577e-01 5.3443e-04 8.5282e-09 4.3807e-04 6.7059e-05 1.2386e-07 
 61000.000 1.0000e+00 2480.00 1.3789e-02 3.9343e-12 1.3090e-09 1.3611e-08 9.8517e-01 5.3426e-04 8.1502e-09 4.3793e-04 6.7039e-05 1.2245e-07 
 60000.000 1.0000e+00 2490.00 1.4412e-02 4.4063e-12 1.4374e-09 1.5033e-08 9.8455e-01 5.3410e-04 7.7912e-09 4.3779e-04 6.7019e-05 1.2106e-07 
 59000.000 1.0000e+00 2500.00 1.5057e-02 4.9303e-12 1.5773e-09 1.6590e-08 9.8390e-01 5.3392e-04 7.4500e-09 4.3765e-04 6.6998e-05 1.1970e-07 
 58000.000 1.0000e+00 2510.00 1.5726e-02 5.5115e-12 1.7294e-09 1.8295e-08 9.8324e-01 5.3374e-04 7.1257e-09 4.3750e-04 6.6976e-05 1.1835e-07 
 57000.000 1.0000e+00 2520.00 1.6419e-02 6.1556e-12 1.8948e-09 2.0159e-08 9.8254e-01 5.3356e-04 6.8173e-09 4.3735e-04 6.6953e-05 1.1703e-07 
 56000.000 1.0000e+00 2530.00 1.7136e-02 6.8688e-12 2.0746e-09 2.2197e-08 9.8183e-01 5.3337e-04 6.5239e-09 4.3719e-04 6.6929e-05 1.1572e-07 
 55000.000 1.0000e+00 2540.00 1.7878e-02 7.6577e-12 2.2697e-09 2.4422e-08 9.8109e-01 5.3317e-04 6.2448e-09 4.3702e-04 6.6905e-05 1.1443e-07 
 54000.000 1.0000e+00 2550.00 1.8645e-02 8.5297e-12 2.4814e-09 2.6851e-08 9.8032e-01 5.3296e-04 5.9790e-09 4.3685e-04 6.6879e-05 1.1316e-07 
 53000.000 1.0000e+00 2560.00 1.9567e-02 9.3737e-12 2.7230e-09 3.0096e-08 9.7940e-01 5.3271e-04 5.3521e-09 4.3664e-04 6.6851e-05 1.0817e-07 
 52000.000 1.0000e+00 2570.00 2.0394e-02 1.0423e-11 2.9730e-09 3.3044e-08 9.7857e-01 5.3249e-04 5.1274e-09 4.3645e-04 6.6823e-05 1.0698e-07 
 51000.000 1.0000e+00 2580.00 2.1249e-02 1.1581e-11 3.2436e-09 3.6254e-08 9.7772e-01 5.3226e-04 4.9133e-09 4.3626e-04 6.6795e-05 1.0581e-07 
 50000.000 1.0000e+00 2590.00 2.2133e-02 1.2855e-11 3.5366e-09 3.9749e-08 9.7683e-01 5.3202e-04 4.7092e-09 4.3606e-04 6.6765e-05 1.0465e-07 
 49000.000 1.0000e+00 2600.00 2.3045e-02 1.4258e-11 3.8533e-09 4.3550e-08 9.7592e-01 5.3178e-04 4.5145e-09 4.3586e-04 6.6735e-05 1.0351e-07 
 48000.000 1.0000e+00 2610.00 2.3987e-02 1.5802e-11 4.1957e-09 4.7683e-08 9.7498e-01 5.3152e-04 4.3288e-09 4.3565e-04 6.6704e-05 1.0238e-07 
 47000.000 1.0000e+00 2620.00 2.4960e-02 1.7497e-11 4.5654e-09 5.2172e-08 9.7401e-01 5.3126e-04 4.1515e-09 4.3543e-04 6.6671e-05 1.0127e-07 
 46000.000 1.0000e+00 2630.00 2.5963e-02 1.9359e-11 4.9645e-09 5.7047e-08 9.7300e-01 5.3099e-04 3.9823e-09 4.3520e-04 6.6637e-05 1.0017e-07 
 45000.000 1.0000e+00 2640.00 2.6999e-02 2.1402e-11 5.3950e-09 6.2336e-08 9.7197e-01 5.3071e-04 3.8207e-09 4.3497e-04 6.6603e-05 9.9080e-08 
 44000.000 1.0000e+00 2650.00 2.8066e-02 2.3642e-11 5.8590e-09 6.8071e-08 9.7090e-01 5.3043e-04 3.6664e-09 4.3473e-04 6.6567e-05 9.8005e-08 
 43000.000 1.0000e+00 2660.00 2.9359e-02 2.5774e-11 6.3854e-09 7.5718e-08 9.6961e-01 5.3008e-04 3.3027e-09 4.3443e-04 6.6525e-05 9.3872e-08 
 42000.000 1.0000e+00 2670.00 3.0503e-02 2.8427e-11 6.9263e-09 8.2583e-08 9.6847e-01 5.2977e-04 3.1708e-09 4.3417e-04 6.6487e-05 9.2860e-08 
 41000.000 1.0000e+00 2680.00 3.1681e-02 3.1329e-11 7.5083e-09 9.0014e-08 9.6729e-01 5.2946e-04 3.0447e-09 4.3391e-04 6.6447e-05 9.1858e-08 
 40000.000 1.0000e+00 2690.00 3.2894e-02 3.4500e-11 8.1342e-09 9.8053e-08 9.6608e-01 5.2913e-04 2.9240e-09 4.3363e-04 6.6406e-05 9.0868e-08 
 39000.000 1.0000e+00 2700.00 3.4144e-02 3.7964e-11 8.8070e-09 1.0675e-07 9.6483e-01 5.2879e-04 2.8086e-09 4.3335e-04 6.6364e-05 8.9888e-08 
 38000.000 1.0000e+00 2710.00 3.5430e-02 4.1744e-11 9.5297e-09 1.1614e-07 9.6354e-01 5.2845e-04 2.6981e-09 4.3305e-04 6.6321e-05 8.8918e-08 
 37000.000 1.0000e+00 2720.00 3.6754e-02 4.5867e-11 1.0306e-08 1.2628e-07 9.6222e-01 5.2809e-04 2.5924e-09 4.3275e-04 6.6276e-05 8.7957e-08 
 36000.000 1.0000e+00 2730.00 3.8117e-02 5.0359e-11 1.1138e-08 1.3723e-07 9.6086e-01 5.2773e-04 2.4911e-09 4.3244e-04 6.6230e-05 8.7006e-08 
 35000.000 1.0000e+00 2740.00 3.9518e-02 5.5251e-11 1.2031e-08 1.4904e-07 9.5946e-01 5.2735e-04 2.3941e-09 4.3212e-04 6.6183e-05 8.6065e-08 
 34000.000 1.0000e+00 2750.00 4.0959e-02 6.0573e-11 1.2988e-08 1.6178e-07 9.5802e-01 5.2696e-04 2.3012e-09 4.3179e-04 6.6134e-05 8.5132e-08 
 33000.000 1.0000e+00 2760.00 4.2720e-02 6.5569e-11 1.4070e-08 1.7872e-07 9.5626e-01 5.2649e-04 2.0842e-09 4.3138e-04 6.6076e-05 8.1694e-08 
 32000.000 1.0000e+00 2770.00 4.4254e-02 7.1786e-11 1.5173e-08 1.9378e-07 9.5472e-01 5.2607e-04 2.0040e-09 4.3103e-04 6.6024e-05 8.0810e-08 
 31000.000 1.0000e+00 2780.00 4.5830e-02 7.8536e-11 1.6353e-08 2.1000e-07 9.5315e-01 5.2565e-04 1.9271e-09 4.3067e-04 6.5971e-05 7.9933e-08 
 30000.000 1.0000e+00 2790.00 4.7449e-02 8.5861e-11 1.7615e-08 2.2744e-07 9.5153e-01 5.2522e-04 1.8534e-09 4.3029e-04 6.5916e-05 7.9064e-08 
 29000.000 1.0000e+00 2800.00 4.9111e-02 9.3803e-11 1.8963e-08 2.4620e-07 9.4987e-01 5.2477e-04 1.7826e-09 4.2991e-04 6.5859e-05 7.8202e-08 
 28000.000 1.0000e+00 2810.00 5.0817e-02 1.0241e-10 2.0405e-08 2.6637e-07 9.4816e-01 5.2431e-04 1.7147e-09 4.2951e-04 6.5801e-05 7.7348e-08 
 27000.000 1.0000e+00 2820.00 5.2568e-02 1.1173e-10 2.1944e-08 2.8804e-07 9.4641e-01 5.2384e-04 1.6496e-09 4.2910e-04 6.5742e-05 7.6500e-08 
 26000.000 1.0000e+00 2830.00 5.4365e-02 1.2182e-10 2.3586e-08 3.1130e-07 9.4462e-01 5.2336e-04 1.5870e-09 4.2868e-04 6.5681e-05 7.5658e-08 
 25000.000 1.0000e+00 2840.00 5.6208e-02 1.3272e-10 2.5338e-08 3.3627e-07 9.4277e-01 5.2286e-04 1.5270e-09 4.2825e-04 6.5618e-05 7.4824e-08 
 24000.000 1.0000e+00 2850.00 5.8098e-02 1.4451e-10 2.7206e-08 3.6306e-07 9.4089e-01 5.2235e-04 1.4693e-09 4.2781e-04 6.5554e-05 7.3995e-08 
 23000.000 1.0000e+00 2860.00 6.0428e-02 1.5538e-10 2.9303e-08 3.9870e-07 9.3856e-01 5.2172e-04 1.3367e-09 4.2726e-04 6.5475e-05 7.1101e-08 
 22000.000 1.0000e+00 2870.00 6.2429e-02 1.6897e-10 3.1433e-08 4.3004e-07 9.3656e-01 5.2119e-04 1.2864e-09 4.2679e-04 6.5407e-05 7.0311e-08 
 21000.000 1.0000e+00 2880.00 6.4479e-02 1.8362e-10 3.3700e-08 4.6363e-07 9.3451e-01 5.2064e-04 1.2382e-09 4.2630e-04 6.5337e-05 6.9526e-08 
 20000.000 1.0000e+00 2890.00 6.6579e-02 1.9941e-10 3.6112e-08 4.9959e-07 9.3241e-01 5.2007e-04 1.1918e-09 4.2580e-04 6.5265e-05 6.8746e-08 
 19000.000 1.0000e+00 2900.00 6.8729e-02 2.1643e-10 3.8678e-08 5.3808e-07 9.3026e-01 5.1949e-04 1.1472e-09 4.2529e-04 6.5192e-05 6.7971e-08 
 18000.000 1.0000e+00 2910.00 7.0931e-02 2.3475e-10 4.1407e-08 5.7927e-07 9.2806e-01 5.1890e-04 1.1043e-09 4.2476e-04 6.5117e-05 6.7202e-08 
 17000.000 1.0000e+00 2920.00 7.3185e-02 2.5446e-10 4.4306e-08 6.2331e-07 9.2581e-01 5.1829e-04 1.0631e-09 4.2422e-04 6.5039e-05 6.6437e-08 
 16000.000 1.0000e+00 2930.00 7.5491e-02 2.7565e-10 4.7385e-08 6.7038e-07 9.2350e-01 5.1767e-04 1.0234e-09 4.2366e-04 6.4960e-05 6.5677e-08 
 15000.000 1.0000e+00 2940.00 7.7850e-02 2.9843e-10 5.0654e-08 7.2068e-07 9.2114e-01 5.1704e-04 9.8521e-10 4.2309e-04 6.4879e-05 6.4922e-08 
 14000.000 1.0000e+00 2950.00 8.0263e-02 3.2289e-10 5.4123e-08 7.7441e-07 9.1873e-01 5.1639e-04 9.4848e-10 4.2251e-04 6.4796e-05 6.4171e-08 
 13000.000 1.0000e+00 2960.00 8.3267e-02 3.4508e-10 5.8001e-08 8.4570e-07 9.1573e-01 5.1558e-04 8.6608e-10 4.2177e-04 6.4694e-05 6.1744e-08 
 12000.000 1.0000e+00 2970.00 8.5808e-02 3.7292e-10 6.1917e-08 9.0796e-07 9.1319e-01 5.1490e-04 8.3386e-10 4.2115e-04 6.4607e-05 6.1024e-08 
 11000.000 1.0000e+00 2980.00 8.8403e-02 4.0276e-10 6.6068e-08 9.7438e-07 9.1060e-01 5.1420e-04 8.0285e-10 4.2051e-04 6.4517e-05 6.0307e-08 
 10000.000 1.0000e+00 2990.00 9.1056e-02 4.3474e-10 7.0464e-08 1.0452e-06 9.0795e-01 5.1349e-04 7.7298e-10 4.1986e-04 6.4426e-05 5.9594e-08 
  9000.000 1.0000e+00 3000.00 9.3765e-02 4.6898e-10 7.5120e-08 1.1207e-06 9.0524e-01 5.1276e-04 7.4422e-10 4.1918e-04 6.4332e-05 5.8885e-08 
  8000.000 1.0000e+00 3010.00 9.6531e-02 5.0562e-10 8.0047e-08 1.2011e-06 9.0247e-01 5.1201e-04 7.1653e-10 4.1849e-04 6.4237e-05 5.8180e-08 
  7000.000 1.0000e+00 3020.00 9.9355e-02 5.4481e-10 8.5259e-08 1.2868e-06 8.9965e-01 5.1125e-04 6.8985e-10 4.1779e-04 6.4139e-05 5.7478e-08 
  6000.000 1.0000e+00 3030.00 1.0224e-01 5.8671e-10 9.0771e-08 1.3780e-06 8.9677e-01 5.1048e-04 6.6415e-10 4.1706e-04 6.4039e-05 5.6780e-08 
  5000.000 1.0000e+00 3040.00 1.0518e-01 6.3146e-10 9.6597e-08 1.4750e-06 8.9383e-01 5.0969e-04 6.3940e-10 4.1631e-04 6.3937e-05 5.6086e-08 
  4000.000 1.0000e+00 3050.00 1.0818e-01 6.7925e-10 1.0275e-07 1.5782e-06 8.9083e-01 5.0888e-04 6.1554e-10 4.1555e-04 6.3833e-05 5.5395e-08 
  3000.000 1.0000e+00 3060.00 1.1196e-01 7.2176e-10 1.0959e-07 1.7153e-06 8.8706e-01 5.0786e-04 5.6349e-10 4.1458e-04 6.3703e-05 5.3323e-08 
  2000.000 1.0000e+00 3070.00 1.1510e-01 7.7553e-10 1.1648e-07 1.8340e-06 8.8392e-01 5.0702e-04 5.4245e-10 4.1377e-04 6.3594e-05 5.2657e-08 
  1000.000 1.0000e+00 3080.00 1.1830e-01 8.3285e-10 1.2375e-07 1.9600e-06 8.8072e-01 5.0616e-04 5.2217e-10 4.1294e-04 6.3483e-05 5.1994e-08 
     0.000 1.0000e+00 3090.00 1.2156e-01 8.9391e-10 1.3141e-07 2.0940e-06 8.7745e-01 5.0528e-04 5.0262e-10 4.1208e-04 6.3369e-05 5.1334e-08 
